0
0
3ee90f16
3f2c1f07
0
0
0
0
0
0
0
0
0
0
0
3c796320
0
0
0
0
0
400c34ac
0
0
0
3f939d43
0
0
3e6cfb10
0
0
0
0
400168c1
0
3f147fdd
0
0
3e3ad10e
0
0
0
0
0
0
0
0
0
0
3ead7a70
0
0
0
3f484424
0
0
0
402199f6
3f80d987
0
3ff1d544
0
0
0
0
0
0
0
3f4780fd
3fe469f0
0
3fcca662
3f91a020
3f0839fb
0
0
0
3f7ed2d8
40437bfa
0
40318b70
0
0
0
3d8672c4
400e0c07
0
0
3f8061f0
0
0
3e4e1950
0
3f02e5ee
0
0
0
0
0
0
0
0
0
0
0
0
3f0a2b95
3fafd31f
3fbf5d18
0
3ed75bf6
3ecea99b
0
0
0
0
0
0
0
0
0
0
0
0
0
0
3fb5ed1e
0
3f2fe696
0
0
0
0
0
3f8ba3f2
3e4c9a8e
0
0
3f8de0f6
0
0
3d57bb70
0
0
0
0
0
0
0
0
0
3e854711
0
0
0
0
0
3ef3416b
0
0
0
0
0
0
0
0
3f816bc4
0
0
0
0
3fecc5aa
0
0
0
0
3fef5bfc
0
0
0
0
0
0
0
0
0
0
0
3f8a8dba
3c8c9d20
0
0
0
0
0
0
3fe3fe7e
0
3eaf9322
0
0
3f1cb1d6
0
0
0
0
3ee86ebc
40243530
3f2c3ad8
403fe63e
0
0
0
0
0
4014167e
0
0
0
3fd91ef8
0
0
3fb54634
0
3faf1a51
0
0
0
3fb82972
0
0
0
3f597412
0
0
0
0
3e57f59c
0
3fb5ed79
3eedcbbb
3fc192bf
0
0
0
0
3f261ae0
3f951c36
0
3e56693a
0
0
0
0
0
3f841f85
0
0
3f8cd8f2
0
4006a745
0
0
3d899a70
0
0
0
0
0
3f684a19
0
3e25d876
0
0
3ee4695e
0
0
0
0
0
0
0
0
3fe26b0a
0
3d09e060
0
0
0
4021a1cc
3eb8302c
3fca6bf5
0
0
0
3ee3ad30
0
0
3f41b987
3f9df608
0
0
3fc45ed4
0
0
0
0
0
3e04c942
0
0
0
0
0
3f7f7f6e
0
0
0
3e8ee962
0
0
0
3fb77f34
3f8c2bff
0
0
3ee18936
0
0
0
0
0
0
0
0
0
0
0
0
0
3f46fb46
0
0
0
3eb62c20
3f86e0e2
0
40112a86
0
0
0
0
3f92582b
3f0f703d
0
0
0
0
0
0
3da3e9f8
0
0
0
0
0
0
3fa50d1e
0
0
0
0
0
0
0
0
3fc5b529
0
0
0
3fcdceea
3f406f6e
0
3eb4c926
3e3474a8
3c351940
0
40078102
0
0
3fa8cff0
0
3e94cefb
0
0
0
3f2fb4fc
0
0
0
4003836a
0
3f605ee6
0
0
0
0
0
0
3eaccc37
0
0
0
40831f4b
3f2f8f3f
0
0
0
0
0
0
0
0
40127705
0
0
3f9527ca
3f367120
0
3eb29956
0
0
0
0
3f12c7eb
0
0
0
0
0
0
0
0
3f8f28bb
0
0
0
0
0
3f026be6
0
0
0
0
0
0
4023a97f
0
0
3effe206
0
0
0
3ed7d3b8
0
0
0
0
0
3f11e1f0
3ff0e9a8
0
0
0
0
3f34b9a9
0
0
3fe74c56
3e14b864
0
0
3f6022d6
3e8dd682
0
0
0
0
0
3f56b37f
0
0
0
0
0
3da2fbac
0
0
0
0
3f9f42e6
3f8d1456
0
0
0
0
0
0
3ee7e19e
404717b1
40145206
3fb6acb6
0
0
3f23a1a5
0
3fdc96e0
0
3fbb5147
3f80f79d
0
0
0
3ed1d480
4012c043
0
0
0
0
0
0
3f42d6fb
0
0
0
0
3e228b86
0
0
3f2a166c
0
0
0
0
3dced814
0
0
0
3f1059b6
0
3ea61b30
0
0
0
0
0
4021415d
3ee1d9a0
3fa43c64
0
3e21fa84
0
0
4006b368
0
0
0
0
0
0
0
0
0
4020bb7c
0
0
0
0
0
0
3f2c8dc7
0
0
3f8c7866
0
0
3f3d1bfe
0
3feed48a
0
3f468780
3e53f4c1
0
0
0
0
0
0
0
0
3eb4f83f
4003167a
0
0
0
3fb705b6
0
0
0
3eb815b8
0
0
0
0
0
0
3fd6afe6
0
0
0
0
0
0
0
0
3fc14199
0
0
0
0
401eaf91
3dd1d052
0
3f39085e
0
0
0
0
0
0
0
0
0
0
0
0
0
0
0
0
3f2b07f9
3ea8f6c2
0
0
0
0
0
0
0
0
0
0
0
0
3feec6b1
0
3ecd094d
3faf6848
0
0
3f031ad4
0
0
0
0
0
0
0
0
0
0
0
0
0
0
0
0
3fb07ce3
0
0
0
0
0
0
0
0
3f5944d6
0
0
0
0
0
0
0
0
3f825e6a
0
0
0
0
0
0
0
0
0
0
0
0
0
0
0
0
0
0
0
0
0
0
0
0
3fb9b606
400a63c3
3de70f24
0
0
3e7247be
0
0
0
0
3f089e05
0
0
0
0
3ff61b1f
0
0
0
0
0
0
0
0
0
0
0
0
0
0
3ff76e9f
0
3f8f0432
0
0
0
0
0
0
0
0
0
0
0
0
0
0
0
3e5b4f34
0
0
0
0
0
0
3d5f7dc0
0
0
3e72b931
0
3f2c5272
40957698
0
3e33417a
0
0
405dac1e
3f2d9146
0
0
0
3e401a71
0
0
0
3fddf71e
0
0
0
0
0
0
0
0
3f8fc3c7
0
0
0
0
0
0
0
0
0
0
0
0
0
3ebdc7c4
3f78f882
3f179ac3
0
0
0
0
0
0
3e66b4fe
0
3f52b3c8
0
0
0
3f159c58
3f8183b7
0
3eff3a74
0
403bd73b
0
3f4691a1
0
0
3fdd75da
0
0
0
0
3f07e7e4
0
0
0
40412a24
0
0
3ee6ccd5
0
3f6b86ce
0
0
0
0
0
0
0
0
0
3f8ac302
